INPUT:
90
torch.Size([2, 9, 5])
tensor([[[ 1.,  2.,  3.,  4.,  5.],
         [ 6.,  7.,  8.,  9., 10.],
         [11., 12., 13., 14., 15.],
         [16., 17., 18., 19., 20.],
         [21., 22., 23., 24., 25.],
         [26., 27., 28., 29., 30.],
         [31., 32., 33., 34., 35.],
         [36., 37., 38., 39., 40.],
         [41., 42., 43., 44., 45.]],

        [[46., 47., 48., 49., 50.],
         [51., 52., 53., 54., 55.],
         [56., 57., 58., 59., 60.],
         [61., 62., 63., 64., 65.],
         [66., 67., 68., 69., 70.],
         [71., 72., 73., 74., 75.],
         [76., 77., 78., 79., 80.],
         [81., 82., 83., 84., 85.],
         [86., 87., 88., 89., 90.]]])
-------------------------------------------------------------------------------
IDENTITY:
90
torch.Size([2, 9, 5])
tensor([[[ 1.,  2.,  3.,  4.,  5.],
         [ 6.,  7.,  8.,  9., 10.],
         [11., 12., 13., 14., 15.],
         [16., 17., 18., 19., 20.],
         [21., 22., 23., 24., 25.],
         [26., 27., 28., 29., 30.],
         [31., 32., 33., 34., 35.],
         [36., 37., 38., 39., 40.],
         [41., 42., 43., 44., 45.]],

        [[46., 47., 48., 49., 50.],
         [51., 52., 53., 54., 55.],
         [56., 57., 58., 59., 60.],
         [61., 62., 63., 64., 65.],
         [66., 67., 68., 69., 70.],
         [71., 72., 73., 74., 75.],
         [76., 77., 78., 79., 80.],
         [81., 82., 83., 84., 85.],
         [86., 87., 88., 89., 90.]]])
-------------------------------------------------------------------------------
TRANSPOSE:
90
torch.Size([2, 5, 9])
tensor([[[ 1.,  6., 11., 16., 21., 26., 31., 36., 41.],
         [ 2.,  7., 12., 17., 22., 27., 32., 37., 42.],
         [ 3.,  8., 13., 18., 23., 28., 33., 38., 43.],
         [ 4.,  9., 14., 19., 24., 29., 34., 39., 44.],
         [ 5., 10., 15., 20., 25., 30., 35., 40., 45.]],

        [[46., 51., 56., 61., 66., 71., 76., 81., 86.],
         [47., 52., 57., 62., 67., 72., 77., 82., 87.],
         [48., 53., 58., 63., 68., 73., 78., 83., 88.],
         [49., 54., 59., 64., 69., 74., 79., 84., 89.],
         [50., 55., 60., 65., 70., 75., 80., 85., 90.]]])
-------------------------------------------------------------------------------
UNFLATTEN:
90
torch.Size([2, 3, 3, 5])
tensor([[[[ 1.,  2.,  3.,  4.,  5.],
          [ 6.,  7.,  8.,  9., 10.],
          [11., 12., 13., 14., 15.]],

         [[16., 17., 18., 19., 20.],
          [21., 22., 23., 24., 25.],
          [26., 27., 28., 29., 30.]],

         [[31., 32., 33., 34., 35.],
          [36., 37., 38., 39., 40.],
          [41., 42., 43., 44., 45.]]],


        [[[46., 47., 48., 49., 50.],
          [51., 52., 53., 54., 55.],
          [56., 57., 58., 59., 60.]],

         [[61., 62., 63., 64., 65.],
          [66., 67., 68., 69., 70.],
          [71., 72., 73., 74., 75.]],

         [[76., 77., 78., 79., 80.],
          [81., 82., 83., 84., 85.],
          [86., 87., 88., 89., 90.]]]])
-------------------------------------------------------------------------------
UNFLATTEN + TRANSPOSE:
90
torch.Size([2, 3, 5, 3])
tensor([[[[ 1.,  6., 11.],
          [ 2.,  7., 12.],
          [ 3.,  8., 13.],
          [ 4.,  9., 14.],
          [ 5., 10., 15.]],

         [[16., 21., 26.],
          [17., 22., 27.],
          [18., 23., 28.],
          [19., 24., 29.],
          [20., 25., 30.]],

         [[31., 36., 41.],
          [32., 37., 42.],
          [33., 38., 43.],
          [34., 39., 44.],
          [35., 40., 45.]]],


        [[[46., 51., 56.],
          [47., 52., 57.],
          [48., 53., 58.],
          [49., 54., 59.],
          [50., 55., 60.]],

         [[61., 66., 71.],
          [62., 67., 72.],
          [63., 68., 73.],
          [64., 69., 74.],
          [65., 70., 75.]],

         [[76., 81., 86.],
          [77., 82., 87.],
          [78., 83., 88.],
          [79., 84., 89.],
          [80., 85., 90.]]]])
-------------------------------------------------------------------------------
INPUT:
90
torch.Size([2, 9, 5])
tensor([[[ 1.,  2.,  3.,  4.,  5.],
         [ 6.,  7.,  8.,  9., 10.],
         [11., 12., 13., 14., 15.],
         [16., 17., 18., 19., 20.],
         [21., 22., 23., 24., 25.],
         [26., 27., 28., 29., 30.],
         [31., 32., 33., 34., 35.],
         [36., 37., 38., 39., 40.],
         [41., 42., 43., 44., 45.]],

        [[46., 47., 48., 49., 50.],
         [51., 52., 53., 54., 55.],
         [56., 57., 58., 59., 60.],
         [61., 62., 63., 64., 65.],
         [66., 67., 68., 69., 70.],
         [71., 72., 73., 74., 75.],
         [76., 77., 78., 79., 80.],
         [81., 82., 83., 84., 85.],
         [86., 87., 88., 89., 90.]]])
-------------------------------------------------------------------------------
UNFLATTEN + FLATTEN:
90
torch.Size([2, 3, 15])
tensor([[[ 1.,  2.,  3.,  4.,  5.,  6.,  7.,  8.,  9., 10., 11., 12., 13., 14., 15.],
         [16., 17., 18., 19., 20., 21., 22., 23., 24., 25., 26., 27., 28., 29., 30.],
         [31., 32., 33., 34., 35., 36., 37., 38., 39., 40., 41., 42., 43., 44., 45.]],

        [[46., 47., 48., 49., 50., 51., 52., 53., 54., 55., 56., 57., 58., 59., 60.],
         [61., 62., 63., 64., 65., 66., 67., 68., 69., 70., 71., 72., 73., 74., 75.],
         [76., 77., 78., 79., 80., 81., 82., 83., 84., 85., 86., 87., 88., 89., 90.]]])
-------------------------------------------------------------------------------
UNFOLD:
810
torch.Size([2, 9, 5, 9])
tensor([[[[45., 41., 42.,  5.,  1.,  2., 10.,  6.,  7.],
          [41., 42., 43.,  1.,  2.,  3.,  6.,  7.,  8.],
          [42., 43., 44.,  2.,  3.,  4.,  7.,  8.,  9.],
          [43., 44., 45.,  3.,  4.,  5.,  8.,  9., 10.],
          [44., 45., 41.,  4.,  5.,  1.,  9., 10.,  6.]],

         [[ 5.,  1.,  2., 10.,  6.,  7., 15., 11., 12.],
          [ 1.,  2.,  3.,  6.,  7.,  8., 11., 12., 13.],
          [ 2.,  3.,  4.,  7.,  8.,  9., 12., 13., 14.],
          [ 3.,  4.,  5.,  8.,  9., 10., 13., 14., 15.],
          [ 4.,  5.,  1.,  9., 10.,  6., 14., 15., 11.]],

         [[10.,  6.,  7., 15., 11., 12., 20., 16., 17.],
          [ 6.,  7.,  8., 11., 12., 13., 16., 17., 18.],
          [ 7.,  8.,  9., 12., 13., 14., 17., 18., 19.],
          [ 8.,  9., 10., 13., 14., 15., 18., 19., 20.],
          [ 9., 10.,  6., 14., 15., 11., 19., 20., 16.]],

         [[15., 11., 12., 20., 16., 17., 25., 21., 22.],
          [11., 12., 13., 16., 17., 18., 21., 22., 23.],
          [12., 13., 14., 17., 18., 19., 22., 23., 24.],
          [13., 14., 15., 18., 19., 20., 23., 24., 25.],
          [14., 15., 11., 19., 20., 16., 24., 25., 21.]],

         [[20., 16., 17., 25., 21., 22., 30., 26., 27.],
          [16., 17., 18., 21., 22., 23., 26., 27., 28.],
          [17., 18., 19., 22., 23., 24., 27., 28., 29.],
          [18., 19., 20., 23., 24., 25., 28., 29., 30.],
          [19., 20., 16., 24., 25., 21., 29., 30., 26.]],

         [[25., 21., 22., 30., 26., 27., 35., 31., 32.],
          [21., 22., 23., 26., 27., 28., 31., 32., 33.],
          [22., 23., 24., 27., 28., 29., 32., 33., 34.],
          [23., 24., 25., 28., 29., 30., 33., 34., 35.],
          [24., 25., 21., 29., 30., 26., 34., 35., 31.]],

         [[30., 26., 27., 35., 31., 32., 40., 36., 37.],
          [26., 27., 28., 31., 32., 33., 36., 37., 38.],
          [27., 28., 29., 32., 33., 34., 37., 38., 39.],
          [28., 29., 30., 33., 34., 35., 38., 39., 40.],
          [29., 30., 26., 34., 35., 31., 39., 40., 36.]],

         [[35., 31., 32., 40., 36., 37., 45., 41., 42.],
          [31., 32., 33., 36., 37., 38., 41., 42., 43.],
          [32., 33., 34., 37., 38., 39., 42., 43., 44.],
          [33., 34., 35., 38., 39., 40., 43., 44., 45.],
          [34., 35., 31., 39., 40., 36., 44., 45., 41.]],

         [[40., 36., 37., 45., 41., 42.,  5.,  1.,  2.],
          [36., 37., 38., 41., 42., 43.,  1.,  2.,  3.],
          [37., 38., 39., 42., 43., 44.,  2.,  3.,  4.],
          [38., 39., 40., 43., 44., 45.,  3.,  4.,  5.],
          [39., 40., 36., 44., 45., 41.,  4.,  5.,  1.]]],


        [[[90., 86., 87., 50., 46., 47., 55., 51., 52.],
          [86., 87., 88., 46., 47., 48., 51., 52., 53.],
          [87., 88., 89., 47., 48., 49., 52., 53., 54.],
          [88., 89., 90., 48., 49., 50., 53., 54., 55.],
          [89., 90., 86., 49., 50., 46., 54., 55., 51.]],

         [[50., 46., 47., 55., 51., 52., 60., 56., 57.],
          [46., 47., 48., 51., 52., 53., 56., 57., 58.],
          [47., 48., 49., 52., 53., 54., 57., 58., 59.],
          [48., 49., 50., 53., 54., 55., 58., 59., 60.],
          [49., 50., 46., 54., 55., 51., 59., 60., 56.]],

         [[55., 51., 52., 60., 56., 57., 65., 61., 62.],
          [51., 52., 53., 56., 57., 58., 61., 62., 63.],
          [52., 53., 54., 57., 58., 59., 62., 63., 64.],
          [53., 54., 55., 58., 59., 60., 63., 64., 65.],
          [54., 55., 51., 59., 60., 56., 64., 65., 61.]],

         [[60., 56., 57., 65., 61., 62., 70., 66., 67.],
          [56., 57., 58., 61., 62., 63., 66., 67., 68.],
          [57., 58., 59., 62., 63., 64., 67., 68., 69.],
          [58., 59., 60., 63., 64., 65., 68., 69., 70.],
          [59., 60., 56., 64., 65., 61., 69., 70., 66.]],

         [[65., 61., 62., 70., 66., 67., 75., 71., 72.],
          [61., 62., 63., 66., 67., 68., 71., 72., 73.],
          [62., 63., 64., 67., 68., 69., 72., 73., 74.],
          [63., 64., 65., 68., 69., 70., 73., 74., 75.],
          [64., 65., 61., 69., 70., 66., 74., 75., 71.]],

         [[70., 66., 67., 75., 71., 72., 80., 76., 77.],
          [66., 67., 68., 71., 72., 73., 76., 77., 78.],
          [67., 68., 69., 72., 73., 74., 77., 78., 79.],
          [68., 69., 70., 73., 74., 75., 78., 79., 80.],
          [69., 70., 66., 74., 75., 71., 79., 80., 76.]],

         [[75., 71., 72., 80., 76., 77., 85., 81., 82.],
          [71., 72., 73., 76., 77., 78., 81., 82., 83.],
          [72., 73., 74., 77., 78., 79., 82., 83., 84.],
          [73., 74., 75., 78., 79., 80., 83., 84., 85.],
          [74., 75., 71., 79., 80., 76., 84., 85., 81.]],

         [[80., 76., 77., 85., 81., 82., 90., 86., 87.],
          [76., 77., 78., 81., 82., 83., 86., 87., 88.],
          [77., 78., 79., 82., 83., 84., 87., 88., 89.],
          [78., 79., 80., 83., 84., 85., 88., 89., 90.],
          [79., 80., 76., 84., 85., 81., 89., 90., 86.]],

         [[85., 81., 82., 90., 86., 87., 50., 46., 47.],
          [81., 82., 83., 86., 87., 88., 46., 47., 48.],
          [82., 83., 84., 87., 88., 89., 47., 48., 49.],
          [83., 84., 85., 88., 89., 90., 48., 49., 50.],
          [84., 85., 81., 89., 90., 86., 49., 50., 46.]]]])
-------------------------------------------------------------------------------
UNFOLD + FLATTEN:
810
torch.Size([2, 45, 9])
tensor([[[45., 41., 42.,  5.,  1.,  2., 10.,  6.,  7.],
         [41., 42., 43.,  1.,  2.,  3.,  6.,  7.,  8.],
         [42., 43., 44.,  2.,  3.,  4.,  7.,  8.,  9.],
         [43., 44., 45.,  3.,  4.,  5.,  8.,  9., 10.],
         [44., 45., 41.,  4.,  5.,  1.,  9., 10.,  6.],
         [ 5.,  1.,  2., 10.,  6.,  7., 15., 11., 12.],
         [ 1.,  2.,  3.,  6.,  7.,  8., 11., 12., 13.],
         [ 2.,  3.,  4.,  7.,  8.,  9., 12., 13., 14.],
         [ 3.,  4.,  5.,  8.,  9., 10., 13., 14., 15.],
         [ 4.,  5.,  1.,  9., 10.,  6., 14., 15., 11.],
         [10.,  6.,  7., 15., 11., 12., 20., 16., 17.],
         [ 6.,  7.,  8., 11., 12., 13., 16., 17., 18.],
         [ 7.,  8.,  9., 12., 13., 14., 17., 18., 19.],
         [ 8.,  9., 10., 13., 14., 15., 18., 19., 20.],
         [ 9., 10.,  6., 14., 15., 11., 19., 20., 16.],
         [15., 11., 12., 20., 16., 17., 25., 21., 22.],
         [11., 12., 13., 16., 17., 18., 21., 22., 23.],
         [12., 13., 14., 17., 18., 19., 22., 23., 24.],
         [13., 14., 15., 18., 19., 20., 23., 24., 25.],
         [14., 15., 11., 19., 20., 16., 24., 25., 21.],
         [20., 16., 17., 25., 21., 22., 30., 26., 27.],
         [16., 17., 18., 21., 22., 23., 26., 27., 28.],
         [17., 18., 19., 22., 23., 24., 27., 28., 29.],
         [18., 19., 20., 23., 24., 25., 28., 29., 30.],
         [19., 20., 16., 24., 25., 21., 29., 30., 26.],
         [25., 21., 22., 30., 26., 27., 35., 31., 32.],
         [21., 22., 23., 26., 27., 28., 31., 32., 33.],
         [22., 23., 24., 27., 28., 29., 32., 33., 34.],
         [23., 24., 25., 28., 29., 30., 33., 34., 35.],
         [24., 25., 21., 29., 30., 26., 34., 35., 31.],
         [30., 26., 27., 35., 31., 32., 40., 36., 37.],
         [26., 27., 28., 31., 32., 33., 36., 37., 38.],
         [27., 28., 29., 32., 33., 34., 37., 38., 39.],
         [28., 29., 30., 33., 34., 35., 38., 39., 40.],
         [29., 30., 26., 34., 35., 31., 39., 40., 36.],
         [35., 31., 32., 40., 36., 37., 45., 41., 42.],
         [31., 32., 33., 36., 37., 38., 41., 42., 43.],
         [32., 33., 34., 37., 38., 39., 42., 43., 44.],
         [33., 34., 35., 38., 39., 40., 43., 44., 45.],
         [34., 35., 31., 39., 40., 36., 44., 45., 41.],
         [40., 36., 37., 45., 41., 42.,  5.,  1.,  2.],
         [36., 37., 38., 41., 42., 43.,  1.,  2.,  3.],
         [37., 38., 39., 42., 43., 44.,  2.,  3.,  4.],
         [38., 39., 40., 43., 44., 45.,  3.,  4.,  5.],
         [39., 40., 36., 44., 45., 41.,  4.,  5.,  1.]],

        [[90., 86., 87., 50., 46., 47., 55., 51., 52.],
         [86., 87., 88., 46., 47., 48., 51., 52., 53.],
         [87., 88., 89., 47., 48., 49., 52., 53., 54.],
         [88., 89., 90., 48., 49., 50., 53., 54., 55.],
         [89., 90., 86., 49., 50., 46., 54., 55., 51.],
         [50., 46., 47., 55., 51., 52., 60., 56., 57.],
         [46., 47., 48., 51., 52., 53., 56., 57., 58.],
         [47., 48., 49., 52., 53., 54., 57., 58., 59.],
         [48., 49., 50., 53., 54., 55., 58., 59., 60.],
         [49., 50., 46., 54., 55., 51., 59., 60., 56.],
         [55., 51., 52., 60., 56., 57., 65., 61., 62.],
         [51., 52., 53., 56., 57., 58., 61., 62., 63.],
         [52., 53., 54., 57., 58., 59., 62., 63., 64.],
         [53., 54., 55., 58., 59., 60., 63., 64., 65.],
         [54., 55., 51., 59., 60., 56., 64., 65., 61.],
         [60., 56., 57., 65., 61., 62., 70., 66., 67.],
         [56., 57., 58., 61., 62., 63., 66., 67., 68.],
         [57., 58., 59., 62., 63., 64., 67., 68., 69.],
         [58., 59., 60., 63., 64., 65., 68., 69., 70.],
         [59., 60., 56., 64., 65., 61., 69., 70., 66.],
         [65., 61., 62., 70., 66., 67., 75., 71., 72.],
         [61., 62., 63., 66., 67., 68., 71., 72., 73.],
         [62., 63., 64., 67., 68., 69., 72., 73., 74.],
         [63., 64., 65., 68., 69., 70., 73., 74., 75.],
         [64., 65., 61., 69., 70., 66., 74., 75., 71.],
         [70., 66., 67., 75., 71., 72., 80., 76., 77.],
         [66., 67., 68., 71., 72., 73., 76., 77., 78.],
         [67., 68., 69., 72., 73., 74., 77., 78., 79.],
         [68., 69., 70., 73., 74., 75., 78., 79., 80.],
         [69., 70., 66., 74., 75., 71., 79., 80., 76.],
         [75., 71., 72., 80., 76., 77., 85., 81., 82.],
         [71., 72., 73., 76., 77., 78., 81., 82., 83.],
         [72., 73., 74., 77., 78., 79., 82., 83., 84.],
         [73., 74., 75., 78., 79., 80., 83., 84., 85.],
         [74., 75., 71., 79., 80., 76., 84., 85., 81.],
         [80., 76., 77., 85., 81., 82., 90., 86., 87.],
         [76., 77., 78., 81., 82., 83., 86., 87., 88.],
         [77., 78., 79., 82., 83., 84., 87., 88., 89.],
         [78., 79., 80., 83., 84., 85., 88., 89., 90.],
         [79., 80., 76., 84., 85., 81., 89., 90., 86.],
         [85., 81., 82., 90., 86., 87., 50., 46., 47.],
         [81., 82., 83., 86., 87., 88., 46., 47., 48.],
         [82., 83., 84., 87., 88., 89., 47., 48., 49.],
         [83., 84., 85., 88., 89., 90., 48., 49., 50.],
         [84., 85., 81., 89., 90., 86., 49., 50., 46.]]])
-------------------------------------------------------------------------------
